% # columns="iteration, evaluation, sigma, axis ratio, bestever, best, median, worst objective function value, interquartile range, 25%tile, current best feasible f-value, elapsed wallclock time [s], further/more values", seed=363741, Wed Sep 23 17:46:20 2026, <python>{}</python>
1 64 0.09699578748336826 1.000049877481464 206.7 2.0669999999999999e+02 500.0 500.0 0.0 500.0 nan 112.1   
2 128 0.09447690464030645 1.000049877481464 206.7 3.1219999999999999e+02 500.0 500.0 0.0 500.0 nan 224.9   
3 192 0.09236478357654836 1.007976254446287 156.6 1.5659999999999999e+02 500.0 500.0 0.0 500.0 nan 344.3   
4 256 0.09059061562671737 1.007976254446287 154.7 1.5469999999999999e+02 500.0 1000.0 2.8999999999999773 497.1 nan 467.8   
5 320 0.08911233942273727 1.0088533919697704 154.7 2.2530000000000001e+02 500.0 1000.0 0.0 500.0 nan 594.0   
6 384 0.08779781454373166 1.0088533919697704 123.5 1.2350000000000000e+02 500.0 1000.0 4.0499999999999545 495.95000000000005 nan 713.8   
7 448 0.08651885386209503 1.009790892738601 123.5 2.0559999999999999e+02 500.0 1000.0 6.949999999999989 493.05 nan 835.6   
8 512 0.08539216964896569 1.009790892738601 123.5 1.5209999999999999e+02 500.0 500.0 14.25 485.75 nan 960.0   
9 576 0.08437996838291759 1.010505364687906 123.5 1.6219999999999999e+02 500.0 500.0 76.5 423.5 nan 1077.7   
10 640 0.08345751659526947 1.010505364687906 123.5 1.6890000000000001e+02 500.0 1000.0 0.0 500.0 nan 1202.7   
11 704 0.08257414833880972 1.0112326205432975 123.5 1.5909999999999999e+02 500.0 1000.0 1.8999999999999773 498.1 nan 1321.4   
12 768 0.0816578390865898 1.0112326205432975 123.5 2.3619999999999999e+02 500.0 1000.0 24.100000000000023 475.9 nan 1440.5   
13 832 0.08090600311704584 1.012026509262053 123.5 1.9409999999999999e+02 500.0 1000.0 0.0 500.0 nan 1563.4   
14 896 0.08019410882474952 1.012026509262053 123.5 1.4300000000000000e+02 500.0 500.0 0.0 500.0 nan 1686.5   
15 960 0.07954370734890807 1.012665724231806 123.5 2.2830000000000001e+02 500.0 1000.0 4.649999999999977 495.35 nan 1818.3   
16 1024 0.07900190285420966 1.012665724231806 123.5 1.8609999999999999e+02 500.0 1000.0 11.100000000000023 488.9 nan 1940.2   
17 1088 0.07847360161612715 1.0136004962183849 123.5 1.7230000000000001e+02 500.0 1000.0 0.14999999999997726 499.85 nan 2061.1   
18 1152 0.07800998560679773 1.0136004962183849 123.5 1.7290000000000001e+02 500.0 1000.0 42.14999999999998 457.85 nan 2173.6   
19 1216 0.07757811316050862 1.0146355702245706 123.5 1.3869999999999999e+02 500.0 500.0 43.60000000000002 456.4 nan 2290.8   
20 1280 0.07714400652474547 1.0146355702245706 123.5 2.3730000000000001e+02 500.0 500.0 60.19999999999999 439.8 nan 2409.1   
21 1344 0.07673764340576882 1.0156926839312166 123.5 2.1490000000000001e+02 500.0 500.0 35.80000000000001 464.2 nan 2523.5   
22 1408 0.07640818323008407 1.0156926839312166 123.5 1.8700000000000000e+02 500.0 1000.0 75.14999999999998 424.85 nan 2636.5   
23 1472 0.07606561718971645 1.0170767053368555 123.5 1.4600000000000000e+02 500.0 1000.0 62.19999999999999 437.8 nan 2744.5   
24 1536 0.07577578625706143 1.0170767053368555 123.5 1.4659999999999999e+02 500.0 500.0 62.5 437.5 nan 2862.2   
25 1600 0.07540660286709978 1.0184114629186618 123.5 1.4950000000000000e+02 500.0 500.0 31.350000000000023 468.65 nan 2976.1   
26 1664 0.07504349823988372 1.0184114629186618 123.5 2.0290000000000001e+02 500.0 500.0 70.0 430.0 nan 3090.3   
27 1728 0.0747566777500876 1.019854834405524 123.5 1.3590000000000001e+02 500.0 500.0 47.94999999999999 452.05 nan 3213.6   
28 1792 0.07444588799798872 1.019854834405524 123.5 1.3480000000000001e+02 500.0 1000.0 50.60000000000002 449.4 nan 3325.9   
29 1856 0.07423636580986616 1.0212367510659455 123.5 1.3850000000000000e+02 500.0 500.0 93.94999999999999 406.05 nan 3442.0   
30 1920 0.07398226744210722 1.0212367510659455 123.5 1.7990000000000001e+02 500.0 500.0 98.69999999999999 401.3 nan 3559.0   
31 1984 0.07377499163445693 1.0228572554860582 120.7 1.2070000000000000e+02 499.6 1000.0 86.85000000000002 413.15 nan 3673.8   
32 2048 0.07362197636856871 1.0228572554860582 120.7 1.4119999999999999e+02 500.0 500.0 98.64999999999998 401.35 nan 3790.9   
33 2112 0.07349432221832165 1.02449126151725 112.0 1.1200000000000000e+02 500.0 500.0 74.79999999999995 425.20000000000005 nan 3907.9   
34 2176 0.07334113899120889 1.02449126151725 110.7 1.1070000000000000e+02 500.0 500.0 94.10000000000002 405.9 nan 4019.5   
35 2240 0.07317825920358205 1.0264846142961914 110.7 1.2009999999999999e+02 500.0 1000.0 140.54999999999995 359.45000000000005 nan 4130.0   
36 2304 0.0730164269406746 1.0264846142961914 110.7 1.3380000000000001e+02 500.0 1000.0 0.0 500.0 nan 4243.4   
37 2368 0.07291877426593928 1.0283336541333101 110.7 1.1220000000000000e+02 463.3 500.0 195.3 304.7 nan 4345.1   
38 2432 0.07279674726211198 1.0283336541333101 108.4 1.0840000000000001e+02 500.0 500.0 139.35000000000002 360.65 nan 4456.5   
39 2496 0.07271154978868642 1.0302856534094647 108.4 1.3440000000000001e+02 500.0 1000.0 157.64999999999998 342.35 nan 4560.5   
40 2560 0.07259097171107885 1.0302856534094647 108.4 1.1020000000000000e+02 489.9 500.0 165.39999999999998 334.6 nan 4666.5   
41 2624 0.07251628120621863 1.0323332419526898 108.4 1.5680000000000001e+02 500.0 500.0 122.64999999999998 377.35 nan 4781.2   
42 2688 0.07239699755202747 1.0323332419526898 108.4 1.2340000000000001e+02 500.0 1000.0 76.69999999999999 423.3 nan 4895.7   
43 2752 0.07230804143338578 1.0344793254198206 108.4 1.3190000000000001e+02 500.0 1000.0 136.05 363.95 nan 5010.9   
44 2816 0.07215048195892833 1.0344793254198206 108.4 1.5330000000000001e+02 500.0 1000.0 57.80000000000001 442.2 nan 5133.2   
45 2880 0.07207540669143665 1.0364706809247823 108.4 1.3409999999999999e+02 500.0 500.0 124.29999999999995 375.70000000000005 nan 5250.0   
46 2944 0.0719873583811236 1.0364706809247823 108.4 1.6359999999999999e+02 500.0 1000.0 94.5 405.5 nan 5365.3   
47 3008 0.07192621736186137 1.038557136121814 101.0 1.0100000000000000e+02 500.0 1000.0 69.64999999999998 430.35 nan 5486.7   
48 3072 0.07184294595532369 1.038557136121814 101.0 1.4280000000000001e+02 500.0 1000.0 82.85000000000002 417.15 nan 5606.0   
49 3136 0.07180645736408878 1.0407664469949898 101.0 1.0230000000000000e+02 500.0 1000.0 159.60000000000002 340.4 nan 5714.5   
50 3200 0.07175833817094447 1.0407664469949898 101.0 1.4950000000000000e+02 500.0 1000.0 97.64999999999998 402.35 nan 5827.4   
51 3264 0.07164590959134239 1.0429485001508463 101.0 1.5190000000000001e+02 500.0 1000.0 89.35000000000002 410.65 nan 5941.2   
52 3328 0.07151305964395799 1.0429485001508463 101.0 1.1130000000000000e+02 500.0 500.0 190.5 309.5 nan 6056.2   
53 3392 0.07140411570980533 1.0450452393394158 101.0 1.2500000000000000e+02 500.0 1000.0 141.7 358.3 nan 6171.7   
54 3456 0.0712702545547216 1.0450452393394158 101.0 1.2130000000000000e+02 500.0 500.0 124.30000000000001 375.7 nan 6284.6   
55 3520 0.07113896400134019 1.0473479992877062 101.0 1.0959999999999999e+02 500.0 500.0 152.60000000000002 347.4 nan 6391.8   
56 3584 0.0710020273225245 1.0473479992877062 101.0 1.3180000000000001e+02 500.0 500.0 133.85000000000002 366.15 nan 6495.8   
57 3648 0.0708310940198416 1.0493472593969821 101.0 1.4990000000000001e+02 500.0 500.0 157.2 342.8 nan 6596.8   
58 3712 0.0706689577032579 1.0493472593969821 101.0 1.0459999999999999e+02 487.5 1000.0 161.45000000000005 338.54999999999995 nan 6698.5   
59 3776 0.07062582049289387 1.0514900019541151 101.0 1.6000000000000000e+02 500.0 1000.0 141.29999999999995 358.70000000000005 nan 6805.2   
60 3840 0.07067117272699455 1.0514900019541151 101.0 1.0680000000000000e+02 496.7 500.0 206.89999999999998 293.1 nan 6900.1   
61 3904 0.07068197807555134 1.0538026339065045 101.0 1.1450000000000000e+02 500.0 1000.0 205.29999999999995 294.70000000000005 nan 6995.5   
62 3968 0.07072600737008058 1.0538026339065045 101.0 1.0380000000000000e+02 500.0 1000.0 83.44999999999999 416.55 nan 7108.7   
63 4032 0.07079071749825454 1.056135937959571 101.0 1.6050000000000000e+02 500.0 500.0 162.70000000000005 337.29999999999995 nan 7208.6   
64 4096 0.07080504690381509 1.056135937959571 100.6 1.0059999999999999e+02 500.0 1000.0 227.79999999999995 272.20000000000005 nan 7310.5   
65 4160 0.07079857981394787 1.0583092279652837 88.7 8.8700000000000003e+01 500.0 1000.0 176.35000000000002 323.65 nan 7428.5   
66 4224 0.07078944174566448 1.0583092279652837 88.7 1.0259999999999999e+02 500.0 500.0 154.25 345.75 nan 7534.8   
67 4288 0.07070897449923716 1.0606420026353105 88.7 1.5700000000000000e+02 500.0 1000.0 86.80000000000001 413.2 nan 7644.9   
68 4352 0.07069835308178733 1.0606420026353105 88.7 9.1599999999999994e+01 500.0 1000.0 116.04999999999995 383.95000000000005 nan 7762.4   
69 4416 0.07074807425451464 1.062762654851861 88.7 1.3990000000000001e+02 500.0 500.0 205.55 294.45 nan 7875.5   
70 4480 0.07081717925333071 1.062762654851861 88.7 1.0059999999999999e+02 475.3 1000.0 147.10000000000002 352.9 nan 7987.1   
71 4544 0.07086981511820374 1.0649250716950927 88.7 1.0680000000000000e+02 500.0 1000.0 191.64999999999998 308.35 nan 8094.1   
72 4608 0.07088954084981572 1.0649250716950927 88.7 1.3450000000000000e+02 500.0 1000.0 192.45000000000005 307.54999999999995 nan 8199.2   
73 4672 0.07086377374333559 1.0672958560230679 88.7 1.1780000000000000e+02 497.6 500.0 170.64999999999998 329.35 nan 8308.3   
74 4736 0.07087090160028717 1.0672958560230679 88.7 1.0340000000000001e+02 500.0 1000.0 154.04999999999995 345.95000000000005 nan 8424.0   
75 4800 0.07083827369245399 1.0696939244169859 88.7 1.2240000000000001e+02 500.0 500.0 170.2 329.8 nan 8529.1   
76 4864 0.0707557526714293 1.0696939244169859 88.7 1.1759999999999999e+02 481.3 500.0 199.39999999999998 300.6 nan 8633.3   
77 4928 0.07067654626316582 1.0718989218781116 88.7 9.6200000000000003e+01 500.0 500.0 130.0 370.0 nan 8744.8   
78 4992 0.07058677943816342 1.0718989218781116 88.7 1.3390000000000001e+02 495.1 1000.0 179.35000000000002 320.65 nan 8846.1   
79 5056 0.07050576672004705 1.0740917466244517 88.7 1.1230000000000000e+02 473.6 500.0 218.55 281.45 nan 8944.9   
80 5120 0.07044607700554135 1.0740917466244517 88.7 1.0090000000000001e+02 491.2 500.0 200.10000000000002 299.9 nan 9041.6   
81 5184 0.07042642907272487 1.0763775782396885 88.7 9.9700000000000003e+01 500.0 500.0 66.04999999999995 433.95000000000005 nan 9152.7   
82 5248 0.0703811999736156 1.0763775782396885 88.7 9.6500000000000000e+01 500.0 1000.0 175.54999999999995 324.45000000000005 nan 9260.4   
83 5312 0.07037301175434352 1.0787414069267325 88.7 9.5000000000000000e+01 500.0 500.0 143.45000000000005 356.54999999999995 nan 9367.3   
84 5376 0.07032608243691092 1.0787414069267325 88.7 1.0909999999999999e+02 490.2 1000.0 187.45 312.55 nan 9464.3   
85 5440 0.07028877278161098 1.0809895992820773 88.7 1.1030000000000000e+02 500.0 1000.0 198.95000000000005 301.04999999999995 nan 9563.6   
86 5504 0.07016747578742819 1.0809895992820773 88.7 1.5550000000000000e+02 500.0 1000.0 138.89999999999998 361.1 nan 9673.7   
87 5568 0.07006785617733041 1.0832401130733322 88.7 1.1709999999999999e+02 500.0 500.0 189.5 310.5 nan 9783.6   
88 5632 0.07002608524345902 1.0832401130733322 88.7 1.5669999999999999e+02 500.0 1000.0 106.04999999999995 393.95000000000005 nan 9895.1   
89 5696 0.06995609519495628 1.0855696011904405 88.7 1.2370000000000000e+02 500.0 1000.0 203.39999999999998 296.6 nan 9997.7   
90 5760 0.06997866388721431 1.0855696011904405 88.7 1.8280000000000001e+02 500.0 1000.0 85.60000000000002 414.4 nan 10106.4   
91 5824 0.07000025566974108 1.088003655114209 88.7 1.1680000000000000e+02 500.0 1000.0 28.75 471.25 nan 10218.6   
92 5888 0.06996824107237648 1.088003655114209 88.7 1.1759999999999999e+02 500.0 1000.0 143.64999999999998 356.35 nan 10326.5   
93 5952 0.06995202741583378 1.0904889721544957 88.7 1.1940000000000001e+02 491.8 500.0 161.54999999999995 338.45000000000005 nan 10435.1   
94 6016 0.0699863576866592 1.0904889721544957 88.7 1.0009999999999999e+02 500.0 1000.0 132.89999999999998 367.1 nan 10548.6   
95 6080 0.07007610470657266 1.0927437187280957 88.7 1.4919999999999999e+02 500.0 1000.0 73.70000000000005 426.29999999999995 nan 10661.2   
96 6144 0.0701102255364857 1.0927437187280957 88.7 9.2400000000000006e+01 500.0 1000.0 149.0 351.0 nan 10776.6   
97 6208 0.07010251255869626 1.095131304767883 88.7 1.0440000000000001e+02 500.0 1000.0 66.04999999999995 433.95000000000005 nan 10889.8   
98 6272 0.0701070863188258 1.095131304767883 88.7 1.1730000000000000e+02 500.0 1000.0 202.79999999999995 297.20000000000005 nan 10997.6   
99 6336 0.070058973910123 1.0975362526252324 88.7 1.2830000000000001e+02 500.0 1000.0 83.0 417.0 nan 11109.5   
100 6400 0.06997494687546621 1.0975362526252324 88.7 1.1080000000000000e+02 500.0 1000.0 132.45 367.55 nan 11217.9   
101 6464 0.06991478236366601 1.0997941329762022 88.7 1.0180000000000000e+02 435.7 1000.0 251.10000000000002 248.89999999999998 nan 11312.0   
102 6528 0.06981185718933844 1.0997941329762022 88.7 1.2520000000000000e+02 500.0 1000.0 207.64999999999998 292.35 nan 11420.0   
103 6592 0.06973573105732833 1.1021679340018424 88.7 9.9299999999999997e+01 500.0 500.0 239.5 260.5 nan 11521.8   
104 6656 0.0695984106703561 1.1021679340018424 88.7 9.8400000000000006e+01 474.8 1000.0 193.39999999999998 306.6 nan 11625.5   
105 6720 0.06943058176189211 1.1043766897395269 88.7 1.2300000000000000e+02 500.0 1000.0 157.64999999999998 342.35 nan 11738.9   
106 6784 0.06926055607403299 1.1043766897395269 88.7 9.8400000000000006e+01 500.0 1000.0 117.39999999999998 382.6 nan 11854.2   
107 6848 0.06910114732103009 1.106608726800975 88.7 1.2570000000000000e+02 500.0 1000.0 155.70000000000005 344.29999999999995 nan 11964.8   
